//Exported ASCII-File
[Header]
FileName = C:\Users\reoml\Desktop\Mestrado\mapa raman\Mapa Raman_GO e rGO.WIP
ImageName = Scan_001_Spec.Data 1_F: Min & Max -> Maximum [2817.5 rel. 1/cm -> 3017.3 rel. 1/cm]
PointsPerLine = 61
LinesPerImage = 61
ScanUnit = µm
ScanWidth = 30
ScanHeight = 30
ScanOriginX = 22.8110008239746
ScanOriginY = -6.03900003433228
ScanOriginZ = 0
DataUnit = CCD cts
[Data]
 1.88598E+01	 1.75328E+01	 1.87500E+01	 2.06534E+01	 1.79034E+01	 2.18934E+01	 2.13017E+01	 2.13866E+01	 1.66066E+01	 1.98337E+01	 2.02582E+01	 2.05474E+01	 2.07500E+01	 2.15000E+01	 1.90581E+01	 1.85138E+01	 2.01034E+01	 2.14009E+01	 2.02182E+01	 1.96547E+01	 1.79476E+01	 2.00705E+01	 2.02132E+01	 2.00368E+01	 2.09483E+01	 1.90043E+01	 2.27899E+01	 2.06041E+01	 2.03911E+01	 2.34165E+01	 2.04764E+01	 1.85948E+01	 2.28748E+01	 1.88873E+01	 2.22956E+01	 2.31409E+01	 2.00318E+01	 2.08716E+01	 2.11409E+01	 2.19265E+01	 2.13081E+01	 2.25474E+01	 2.05431E+01	 2.06871E+01	 1.89864E+01	 2.18162E+01	 2.31167E+01	 2.10456E+01	 1.90549E+01	 2.03335E+01	 2.08435E+01	 1.91580E+01	 2.21366E+01	 1.77500E+01	 2.10404E+01	 2.29002E+01	 2.05504E+01	 1.92967E+01	 2.22033E+01	 1.94165E+01	 2.02706E+01
 1.99165E+01	 1.88984E+01	 2.00991E+01	 1.97033E+01	 1.88616E+01	 1.80848E+01	 1.94433E+01	 1.93691E+01	 2.10000E+01	 1.90000E+01	 1.73217E+01	 2.27289E+01	 2.11041E+01	 2.41434E+01	 2.18541E+01	 2.01629E+01	 2.14165E+01	 2.12543E+01	 1.83516E+01	 1.83455E+01	 1.85000E+01	 2.02582E+01	 2.02414E+01	 2.09440E+01	 2.04483E+01	 1.99526E+01	 1.97044E+01	 1.95168E+01	 1.76951E+01	 1.76116E+01	 1.87917E+01	 1.95456E+01	 1.75667E+01	 1.86384E+01	 1.91334E+01	 1.96134E+01	 1.79083E+01	 1.95000E+01	 1.93873E+01	 1.84205E+01	 1.87500E+01	 1.97956E+01	 1.96629E+01	 1.97289E+01	 2.14789E+01	 2.00000E+01	 1.95581E+01	 2.08124E+01	 2.13959E+01	 2.03205E+01	 2.21565E+01	 1.80160E+01	 1.83299E+01	 1.96116E+01	 2.16066E+01	 1.90417E+01	 2.00830E+01	 2.01091E+01	 1.98687E+01	 1.91397E+01	 2.10096E+01
 1.92500E+01	 1.88273E+01	 1.80991E+01	 1.73841E+01	 2.29832E+01	 2.25966E+01	 1.90000E+01	 1.84782E+01	 1.79433E+01	 1.89464E+01	 1.83541E+01	 1.92182E+01	 1.95000E+01	 2.14065E+01	 2.26459E+01	 2.21964E+01	 1.85000E+01	 2.01951E+01	 1.91034E+01	 2.01434E+01	 2.12463E+01	 1.98934E+01	 1.80417E+01	 1.93966E+01	 2.08017E+01	 2.14732E+01	 1.97770E+01	 2.21466E+01	 2.01016E+01	 2.10549E+01	 1.85948E+01	 1.94732E+01	 1.93273E+01	 2.20000E+01	 2.05631E+01	 1.89165E+01	 1.78580E+01	 1.90000E+01	 1.74664E+01	 2.05268E+01	 2.05835E+01	 1.96402E+01	 2.02418E+01	 1.81534E+01	 2.01801E+01	 2.22500E+01	 1.92500E+01	 1.91466E+01	 2.00331E+01	 2.01983E+01	 1.95246E+01	 1.89706E+01	 1.99383E+01	 1.90043E+01	 2.26034E+01	 2.05581E+01	 2.08616E+01	 1.92083E+01	 2.09789E+01	 2.04440E+01	 1.98566E+01
 1.94601E+01	 2.09034E+01	 1.87232E+01	 1.93616E+01	 1.83348E+01	 2.00948E+01	 2.26466E+01	 2.17026E+01	 2.09376E+01	 2.02500E+01	 1.84583E+01	 1.73448E+01	 2.07974E+01	 2.17294E+01	 2.01470E+01	 2.02974E+01	 1.86940E+01	 2.00456E+01	 1.95998E+01	 1.67250E+01	 1.82500E+01	 1.94383E+01	 1.94583E+01	 1.91434E+01	 1.66865E+01	 1.77070E+01	 1.79789E+01	 2.00630E+01	 2.05624E+01	 1.96041E+01	 2.03036E+01	 1.82232E+01	 1.83162E+01	 2.00923E+01	 1.83984E+01	 1.93541E+01	 1.93466E+01	 1.87732E+01	 1.83698E+01	 1.82332E+01	 1.90991E+01	 2.11459E+01	 2.10417E+01	 2.05624E+01	 2.16229E+01	 2.11865E+01	 2.12463E+01	 2.08530E+01	 1.83729E+01	 2.05581E+01	 1.95830E+01	 2.02663E+01	 1.93273E+01	 1.86983E+01	 1.94410E+01	 2.06765E+01	 2.06366E+01	 1.79009E+01	 1.90218E+01	 2.09782E+01	 2.02282E+01
 2.02668E+01	 2.10000E+01	 2.01665E+01	 1.68873E+01	 2.11846E+01	 2.22552E+01	 2.06846E+01	 1.83641E+01	 1.90000E+01	 1.91141E+01	 1.97500E+01	 1.82500E+01	 1.98866E+01	 1.94065E+01	 2.08641E+01	 1.84023E+01	 1.96116E+01	 1.78884E+01	 2.01509E+01	 2.05000E+01	 2.13435E+01	 1.92500E+01	 1.99832E+01	 1.94065E+01	 2.09533E+01	 1.92500E+01	 2.08909E+01	 1.94451E+01	 1.90417E+01	 1.77282E+01	 1.84301E+01	 1.86434E+01	 1.84632E+01	 1.78348E+01	 2.12500E+01	 2.13017E+01	 2.39052E+01	 2.07500E+01	 1.95998E+01	 1.92500E+01	 2.11509E+01	 1.99047E+01	 1.92232E+01	 1.95368E+01	 2.10699E+01	 2.05699E+01	 1.92083E+01	 1.88348E+01	 1.97917E+01	 2.04526E+01	 1.95000E+01	 2.00474E+01	 1.91629E+01	 2.18748E+01	 2.23124E+01	 2.01534E+01	 1.92668E+01	 2.09295E+01	 1.90991E+01	 2.25474E+01	 1.92831E+01
 1.92083E+01	 1.91427E+01	 1.97432E+01	 2.04796E+01	 2.23984E+01	 2.02500E+01	 2.19583E+01	 2.01091E+01	 1.97706E+01	 2.00799E+01	 2.11765E+01	 1.97289E+01	 2.13541E+01	 1.98498E+01	 1.90617E+01	 2.10082E+01	 1.92500E+01	 1.95000E+01	 1.95052E+01	 2.35649E+01	 2.01558E+01	 2.13067E+01	 2.03641E+01	 2.22868E+01	 2.01116E+01	 1.92500E+01	 1.91366E+01	 2.02500E+01	 2.06484E+01	 1.81765E+01	 1.76983E+01	 1.72764E+01	 1.98598E+01	 1.85848E+01	 1.91466E+01	 1.87500E+01	 1.92618E+01	 2.03884E+01	 1.89526E+01	 2.08036E+01	 2.02044E+01	 1.93933E+01	 2.00000E+01	 1.98049E+01	 1.74464E+01	 1.75270E+01	 1.98661E+01	 1.94197E+01	 1.87974E+01	 2.24483E+01	 1.99034E+01	 2.13573E+01	 2.06266E+01	 1.90206E+01	 2.03541E+01	 2.01484E+01	 1.83741E+01	 1.93909E+01	 1.86534E+01	 1.96534E+01	 2.01134E+01
 2.29227E+01	 2.32706E+01	 1.99165E+01	 1.79544E+01	 1.94034E+01	 2.03634E+01	 2.07543E+01	 1.72500E+01	 2.08580E+01	 1.97320E+01	 2.26565E+01	 2.20431E+01	 2.04732E+01	 2.31597E+01	 2.02500E+01	 2.04440E+01	 2.01034E+01	 1.94433E+01	 2.32500E+01	 1.93866E+01	 2.04376E+01	 1.91983E+01	 1.90000E+01	 2.25635E+01	 2.13984E+01	 2.01016E+01	 1.97500E+01	 2.09265E+01	 1.90182E+01	 2.17132E+01	 2.06765E+01	 1.92500E+01	 1.96366E+01	 2.09832E+01	 2.08067E+01	 2.11983E+01	 2.16116E+01	 2.01665E+01	 2.26459E+01	 1.99614E+01	 1.96366E+01	 2.14675E+01	 1.92500E+01	 2.28299E+01	 2.19832E+01	 2.21166E+01	 2.12668E+01	 1.89065E+01	 2.09034E+01	 1.95488E+01	 1.85624E+01	 1.97033E+01	 2.07033E+01	 2.01041E+01	 1.88648E+01	 1.95082E+01	 1.97706E+01	 1.84346E+01	 2.13491E+01	 1.98124E+01	 2.07500E+01
 1.89794E+01	 2.01016E+01	 2.20328E+01	 2.56223E+01	 2.03966E+01	 2.10799E+01	 2.05456E+01	 2.11366E+01	 2.14601E+01	 2.09265E+01	 2.11455E+01	 2.42974E+01	 2.03411E+01	 2.21167E+01	 2.05332E+01	 2.00567E+01	 2.12083E+01	 2.23448E+01	 2.28017E+01	 2.41534E+01	 2.04235E+01	 2.34864E+01	 1.84914E+01	 1.96198E+01	 2.16833E+01	 2.43330E+01	 2.04265E+01	 1.92282E+01	 2.07457E+01	 1.99433E+01	 2.00705E+01	 1.93578E+01	 2.07500E+01	 2.26846E+01	 2.53337E+01	 1.95132E+01	 2.03028E+01	 2.01951E+01	 2.02711E+01	 1.88117E+01	 1.92500E+01	 2.13491E+01	 2.16919E+01	 2.15624E+01	 2.14782E+01	 1.98866E+01	 1.98348E+01	 2.05474E+01	 2.01665E+01	 1.93634E+01	 2.12500E+01	 2.13067E+01	 2.29009E+01	 1.98641E+01	 2.06187E+01	 2.02532E+01	 2.10417E+01	 1.92967E+01	 2.08666E+01	 2.48273E+01	 2.26434E+01
 2.08149E+01	 2.04383E+01	 2.11409E+01	 2.49201E+01	 2.02282E+01	 2.02500E+01	 2.10399E+01	 1.99682E+01	 2.07868E+01	 2.01229E+01	 2.31801E+01	 2.16459E+01	 2.26459E+01	 2.16459E+01	 2.17500E+01	 2.41534E+01	 1.80417E+01	 2.26534E+01	 2.27500E+01	 2.26266E+01	 2.04376E+01	 2.24483E+01	 1.99464E+01	 2.08330E+01	 2.28337E+01	 2.06148E+01	 1.88067E+01	 1.87831E+01	 2.18541E+01	 2.14165E+01	 1.85929E+01	 2.19295E+01	 2.16801E+01	 2.03442E+01	 1.99265E+01	 2.00000E+01	 2.10018E+01	 2.21116E+01	 2.12500E+01	 2.09227E+01	 2.12518E+01	 2.00567E+01	 2.19077E+01	 2.08934E+01	 2.20082E+01	 1.99034E+01	 1.83392E+01	 2.24034E+01	 2.39533E+01	 1.97500E+01	 2.00000E+01	 2.59301E+01	 1.94052E+01	 2.46883E+01	 2.50431E+01	 2.14914E+01	 2.53273E+01	 2.19632E+01	 2.22706E+01	 2.30549E+01	 2.22500E+01
 1.97750E+01	 2.03167E+01	 1.95705E+01	 1.98423E+01	 2.52332E+01	 2.15268E+01	 1.91701E+01	 2.04365E+01	 1.87564E+01	 1.68423E+01	 1.98017E+01	 1.97500E+01	 2.01983E+01	 1.98491E+01	 2.41509E+01	 2.07768E+01	 2.07917E+01	 2.22500E+01	 2.17706E+01	 2.03862E+01	 1.86846E+01	 1.97500E+01	 1.99782E+01	 2.14034E+01	 2.20417E+01	 2.05000E+01	 1.99732E+01	 1.87974E+01	 2.29034E+01	 2.02500E+01	 2.06116E+01	 2.21608E+01	 2.16298E+01	 2.22500E+01	 2.09464E+01	 2.03791E+01	 2.32831E+01	 2.47332E+01	 2.28162E+01	 2.00848E+01	 2.15268E+01	 2.30517E+01	 2.13616E+01	 2.17899E+01	 1.94782E+01	 2.34483E+01	 2.08466E+01	 2.12638E+01	 2.09957E+01	 2.01484E+01	 2.24265E+01	 2.09023E+01	 2.36534E+01	 2.27931E+01	 1.98729E+01	 2.17664E+01	 2.14034E+01	 2.12718E+01	 1.97682E+01	 2.15467E+01	 2.56266E+01
 1.81466E+01	 2.08491E+01	 1.97083E+01	 2.23616E+01	 2.02325E+01	 1.92418E+01	 1.87668E+01	 2.10803E+01	 2.13081E+01	 2.18897E+01	 2.05000E+01	 2.20474E+01	 2.09963E+01	 2.16933E+01	 2.03299E+01	 2.21198E+01	 2.06964E+01	 2.05000E+01	 2.14483E+01	 2.21198E+01	 2.16187E+01	 2.23199E+01	 2.08423E+01	 2.20991E+01	 2.29365E+01	 1.97768E+01	 2.21983E+01	 2.17033E+01	 2.25000E+01	 1.99376E+01	 2.03591E+01	 1.95264E+01	 1.95560E+01	 2.10168E+01	 2.20966E+01	 2.24496E+01	 2.00456E+01	 1.89583E+01	 1.97899E+01	 2.11229E+01	 2.01547E+01	 2.21983E+01	 2.33491E+01	 2.02831E+01	 2.23922E+01	 2.14957E+01	 1.86330E+01	 1.99820E+01	 2.17083E+01	 2.13049E+01	 2.18466E+01	 2.25000E+01	 1.98573E+01	 2.18541E+01	 2.04682E+01	 2.22175E+01	 2.25549E+01	 2.41066E+01	 2.20000E+01	 2.26833E+01	 2.30624E+01
 1.91459E+01	 1.92064E+01	 2.02545E+01	 2.03616E+01	 2.07718E+01	 2.19782E+01	 2.15549E+01	 2.21459E+01	 2.22232E+01	 1.89365E+01	 1.92899E+01	 1.87500E+01	 2.28866E+01	 2.24265E+01	 2.21765E+01	 2.46434E+01	 2.28017E+01	 2.37500E+01	 2.02813E+01	 1.96454E+01	 2.15649E+01	 2.12457E+01	 2.07831E+01	 2.05517E+01	 1.85000E+01	 1.92899E+01	 1.86534E+01	 2.07500E+01	 2.23934E+01	 2.32500E+01	 2.09583E+01	 1.99083E+01	 1.96034E+01	 2.10000E+01	 1.90998E+01	 2.05699E+01	 1.92831E+01	 2.04383E+01	 1.91266E+01	 2.18199E+01	 2.06066E+01	 1.80082E+01	 2.03205E+01	 2.03273E+01	 1.90488E+01	 2.23423E+01	 2.03866E+01	 1.98442E+01	 2.13752E+01	 2.08752E+01	 2.16534E+01	 2.46534E+01	 2.18534E+01	 1.98866E+01	 2.05082E+01	 2.09564E+01	 2.20043E+01	 2.13634E+01	 1.98530E+01	 2.12096E+01	 1.98049E+01
 1.91912E+01	 1.89030E+01	 2.04496E+01	 1.99440E+01	 1.98966E+01	 2.04632E+01	 2.03466E+01	 2.09675E+01	 2.07500E+01	 2.02582E+01	 1.98934E+01	 2.06876E+01	 2.02768E+01	 2.11266E+01	 1.93455E+01	 2.13534E+01	 2.00000E+01	 2.26547E+01	 2.14682E+01	 1.93205E+01	 1.88530E+01	 1.77146E+01	 1.89583E+01	 2.08959E+01	 1.97282E+01	 2.07582E+01	 2.14614E+01	 2.14564E+01	 2.42500E+01	 2.10000E+01	 2.12500E+01	 1.97500E+01	 1.95773E+01	 2.09365E+01	 2.09346E+01	 1.97500E+01	 2.10567E+01	 1.93081E+01	 2.09197E+01	 1.86964E+01	 1.99533E+01	 1.99197E+01	 1.88162E+01	 1.89832E+01	 1.91098E+01	 2.09789E+01	 2.10082E+01	 1.81148E+01	 2.03466E+01	 2.15705E+01	 2.14346E+01	 2.01509E+01	 1.93566E+01	 1.87500E+01	 2.09526E+01	 2.20399E+01	 1.94098E+01	 2.16996E+01	 2.09091E+01	 2.12083E+01	 2.03748E+01
 1.86964E+01	 1.87482E+01	 1.90942E+01	 1.89496E+01	 1.93598E+01	 2.14227E+01	 2.13303E+01	 2.13734E+01	 1.90000E+01	 2.08124E+01	 2.08330E+01	 2.02132E+01	 1.94058E+01	 2.03117E+01	 2.24433E+01	 2.26697E+01	 2.11765E+01	 1.99782E+01	 1.93337E+01	 2.11728E+01	 2.09047E+01	 2.10991E+01	 1.92182E+01	 2.00000E+01	 2.13466E+01	 2.10955E+01	 1.96983E+01	 2.02831E+01	 2.08199E+01	 2.28966E+01	 2.09002E+01	 1.81309E+01	 2.10000E+01	 2.09794E+01	 2.15000E+01	 1.99091E+01	 1.95000E+01	 2.13834E+01	 2.23130E+01	 2.16098E+01	 1.90474E+01	 2.22768E+01	 2.05417E+01	 2.00000E+01	 2.07083E+01	 2.14632E+01	 2.12500E+01	 1.98205E+01	 2.05206E+01	 1.91266E+01	 1.95000E+01	 2.16509E+01	 2.09583E+01	 2.21459E+01	 1.88541E+01	 2.17668E+01	 2.17232E+01	 2.16697E+01	 2.11166E+01	 2.05998E+01	 1.93162E+01
 1.99009E+01	 2.13491E+01	 2.25413E+01	 2.11665E+01	 1.97382E+01	 2.03049E+01	 2.00662E+01	 2.31865E+01	 2.11765E+01	 2.15799E+01	 2.01366E+01	 1.99058E+01	 2.15000E+01	 1.93934E+01	 2.00232E+01	 1.91066E+01	 2.09708E+01	 2.08723E+01	 2.02956E+01	 2.03591E+01	 2.07818E+01	 1.97500E+01	 2.02500E+01	 2.11209E+01	 2.06547E+01	 2.22956E+01	 2.21141E+01	 1.97208E+01	 2.09265E+01	 1.81466E+01	 1.96166E+01	 2.06534E+01	 2.05799E+01	 2.19058E+01	 2.44732E+01	 2.21459E+01	 2.00948E+01	 2.00624E+01	 2.28866E+01	 2.18348E+01	 2.06876E+01	 2.15331E+01	 2.03566E+01	 1.96229E+01	 2.09732E+01	 2.12768E+01	 2.12732E+01	 2.06066E+01	 2.03641E+01	 2.08641E+01	 1.96241E+01	 2.28498E+01	 2.22282E+01	 2.08884E+01	 1.88691E+01	 2.22500E+01	 1.99464E+01	 2.33541E+01	 2.14583E+01	 1.81484E+01	 2.27956E+01
 2.29614E+01	 2.16397E+01	 2.35848E+01	 2.06166E+01	 2.08934E+01	 2.21558E+01	 2.03117E+01	 2.14483E+01	 1.99868E+01	 2.03049E+01	 2.10206E+01	 2.32500E+01	 2.22899E+01	 2.04583E+01	 2.15942E+01	 2.02500E+01	 2.14009E+01	 2.10331E+01	 1.99583E+01	 1.86455E+01	 1.94346E+01	 1.96697E+01	 1.95368E+01	 2.01577E+01	 2.05735E+01	 2.23616E+01	 2.09782E+01	 2.13330E+01	 2.03866E+01	 1.94197E+01	 2.03591E+01	 2.08049E+01	 1.90923E+01	 1.91266E+01	 2.23866E+01	 1.95549E+01	 2.30000E+01	 2.27831E+01	 2.39265E+01	 1.99675E+01	 1.92028E+01	 1.89410E+01	 2.04789E+01	 1.97850E+01	 2.13897E+01	 2.03816E+01	 2.29165E+01	 2.23124E+01	 2.00456E+01	 2.32457E+01	 2.10830E+01	 2.05942E+01	 2.05991E+01	 2.08335E+01	 2.23752E+01	 2.76876E+01	 1.93591E+01	 2.31459E+01	 2.23616E+01	 2.32096E+01	 2.02500E+01
 2.34034E+01	 2.01134E+01	 2.22638E+01	 2.25948E+01	 2.27500E+01	 2.06883E+01	 1.96509E+01	 1.92101E+01	 2.08766E+01	 1.92364E+01	 2.42500E+01	 2.10517E+01	 2.16697E+01	 2.10082E+01	 2.23966E+01	 2.00517E+01	 2.04009E+01	 2.07325E+01	 2.33466E+01	 1.98067E+01	 2.09295E+01	 2.10270E+01	 1.79451E+01	 2.14133E+01	 2.03041E+01	 1.81103E+01	 1.98000E+01	 2.22500E+01	 2.13966E+01	 2.09440E+01	 2.14365E+01	 1.94728E+01	 2.11580E+01	 2.20399E+01	 2.20528E+01	 2.10331E+01	 2.59583E+01	 2.19376E+01	 2.02818E+01	 2.13948E+01	 1.84301E+01	 2.15699E+01	 2.14464E+01	 1.95549E+01	 2.06484E+01	 2.44708E+01	 2.10399E+01	 2.09632E+01	 2.00313E+01	 2.18698E+01	 2.09047E+01	 2.19946E+01	 1.88911E+01	 2.06041E+01	 1.99646E+01	 2.15617E+01	 2.05000E+01	 2.11565E+01	 2.16484E+01	 2.18435E+01	 2.00799E+01
 1.94820E+01	 2.07083E+01	 2.16665E+01	 1.77164E+01	 1.99045E+01	 1.91066E+01	 2.18455E+01	 2.26341E+01	 2.21964E+01	 1.92967E+01	 1.97886E+01	 2.14825E+01	 2.51665E+01	 1.80182E+01	 1.97564E+01	 2.27500E+01	 1.82296E+01	 2.17446E+01	 1.96697E+01	 2.05000E+01	 2.12668E+01	 2.04483E+01	 1.99564E+01	 1.88616E+01	 2.09632E+01	 2.25368E+01	 2.16397E+01	 2.11041E+01	 2.28466E+01	 2.28959E+01	 1.96080E+01	 1.98748E+01	 2.11577E+01	 2.27500E+01	 1.88834E+01	 2.09583E+01	 2.53448E+01	 2.03616E+01	 2.13959E+01	 2.09533E+01	 2.05635E+01	 2.43017E+01	 1.95830E+01	 2.08000E+01	 2.26397E+01	 2.32899E+01	 2.09832E+01	 1.96434E+01	 1.93273E+01	 2.13709E+01	 2.11964E+01	 2.06583E+01	 2.30232E+01	 2.67332E+01	 2.47825E+01	 2.14464E+01	 2.45417E+01	 2.00773E+01	 2.13580E+01	 1.98167E+01	 2.18616E+01
 1.96034E+01	 2.06577E+01	 1.86141E+01	 1.88741E+01	 2.17500E+01	 2.03299E+01	 2.12182E+01	 1.88081E+01	 2.09129E+01	 1.97175E+01	 2.13641E+01	 2.04433E+01	 2.44601E+01	 2.34483E+01	 1.95082E+01	 1.97500E+01	 2.18591E+01	 2.08866E+01	 2.02196E+01	 2.02165E+01	 2.18330E+01	 1.97432E+01	 2.22956E+01	 2.14682E+01	 2.05000E+01	 1.92792E+01	 1.92668E+01	 2.01534E+01	 2.05624E+01	 2.09249E+01	 2.04496E+01	 2.00649E+01	 2.03573E+01	 2.18909E+01	 2.11409E+01	 2.14682E+01	 2.28466E+01	 2.19782E+01	 2.20331E+01	 2.15000E+01	 2.31309E+01	 2.30699E+01	 2.10617E+01	 2.28566E+01	 2.32500E+01	 2.34632E+01	 2.20368E+01	 2.35000E+01	 2.10630E+01	 2.11016E+01	 1.85000E+01	 2.07500E+01	 2.06727E+01	 2.07868E+01	 2.18929E+01	 2.02988E+01	 2.17956E+01	 2.25218E+01	 2.16034E+01	 2.36148E+01	 2.38966E+01
 2.19932E+01	 2.21012E+01	 2.05206E+01	 2.05168E+01	 2.27132E+01	 2.30923E+01	 2.18580E+01	 2.10232E+01	 2.16366E+01	 2.33934E+01	 2.11558E+01	 2.16933E+01	 2.06933E+01	 2.12500E+01	 2.21248E+01	 2.09451E+01	 2.11266E+01	 2.29440E+01	 2.15000E+01	 2.18541E+01	 1.81166E+01	 2.12500E+01	 2.16041E+01	 2.06330E+01	 2.12164E+01	 2.33884E+01	 2.12182E+01	 2.31041E+01	 1.93335E+01	 1.92500E+01	 1.89265E+01	 2.30082E+01	 2.26266E+01	 2.00000E+01	 2.00000E+01	 2.09047E+01	 1.93984E+01	 2.03734E+01	 2.11016E+01	 2.10417E+01	 2.15368E+01	 1.95474E+01	 1.98348E+01	 2.12994E+01	 2.29365E+01	 2.18199E+01	 2.22831E+01	 2.08049E+01	 2.10536E+01	 2.08716E+01	 2.18435E+01	 2.03049E+01	 1.98067E+01	 1.89065E+01	 2.12500E+01	 1.80494E+01	 2.03405E+01	 2.82382E+01	 2.17831E+01	 2.23897E+01	 2.47208E+01
 2.18205E+01	 1.96846E+01	 2.06801E+01	 2.23934E+01	 2.26066E+01	 2.01091E+01	 2.00000E+01	 1.91116E+01	 1.96765E+01	 1.85182E+01	 1.97582E+01	 2.08580E+01	 2.16116E+01	 2.18984E+01	 1.81484E+01	 2.24583E+01	 2.25000E+01	 2.14376E+01	 2.18049E+01	 2.03124E+01	 1.93666E+01	 2.03442E+01	 2.24091E+01	 2.35799E+01	 2.20399E+01	 2.11284E+01	 2.24632E+01	 2.22831E+01	 2.14528E+01	 1.95911E+01	 2.06865E+01	 2.43273E+01	 2.28929E+01	 2.23616E+01	 2.00667E+01	 1.99583E+01	 1.96558E+01	 2.20000E+01	 2.27500E+01	 2.21091E+01	 2.18591E+01	 2.19433E+01	 2.05000E+01	 2.11333E+01	 2.19918E+01	 2.30000E+01	 1.88081E+01	 2.22913E+01	 2.13455E+01	 2.28541E+01	 2.40549E+01	 1.86448E+01	 2.08591E+01	 2.07500E+01	 2.12500E+01	 2.03335E+01	 2.06534E+01	 2.13966E+01	 2.11334E+01	 2.06216E+01	 2.05082E+01
 2.34265E+01	 2.21229E+01	 2.05270E+01	 1.94483E+01	 1.87132E+01	 2.05206E+01	 2.19483E+01	 2.20966E+01	 2.31366E+01	 2.09957E+01	 1.91558E+01	 2.00417E+01	 2.15000E+01	 2.09782E+01	 1.95549E+01	 2.04065E+01	 1.83959E+01	 1.92967E+01	 2.06951E+01	 1.98491E+01	 1.90500E+01	 1.81996E+01	 1.96248E+01	 1.94957E+01	 1.88205E+01	 1.93566E+01	 2.12899E+01	 2.13466E+01	 1.91633E+01	 2.00867E+01	 2.05923E+01	 2.10705E+01	 2.09346E+01	 2.16161E+01	 2.12770E+01	 2.17638E+01	 2.11041E+01	 2.10000E+01	 1.91565E+01	 2.07132E+01	 2.09058E+01	 2.15000E+01	 2.31066E+01	 2.10000E+01	 1.95206E+01	 2.09583E+01	 2.07182E+01	 1.87064E+01	 2.20799E+01	 2.20399E+01	 2.52500E+01	 2.36066E+01	 2.25331E+01	 1.85705E+01	 2.04682E+01	 2.22289E+01	 2.14564E+01	 2.16765E+01	 2.01066E+01	 1.93909E+01	 2.13498E+01
 2.07232E+01	 2.26964E+01	 2.19165E+01	 2.12825E+01	 2.35549E+01	 2.25000E+01	 2.21983E+01	 2.18966E+01	 2.01565E+01	 1.99496E+01	 2.16166E+01	 2.18534E+01	 1.99732E+01	 2.19533E+01	 1.84009E+01	 1.93000E+01	 2.00474E+01	 2.15000E+01	 1.99077E+01	 1.90649E+01	 2.13299E+01	 2.13791E+01	 2.05000E+01	 2.38466E+01	 2.31933E+01	 2.13834E+01	 2.32967E+01	 2.20467E+01	 2.02500E+01	 2.13448E+01	 2.12500E+01	 2.11434E+01	 2.09782E+01	 2.16459E+01	 1.97500E+01	 1.98573E+01	 2.02146E+01	 2.06910E+01	 2.09596E+01	 2.46397E+01	 2.34632E+01	 2.12500E+01	 2.12967E+01	 2.09009E+01	 1.98966E+01	 2.02864E+01	 2.18866E+01	 2.15000E+01	 2.21041E+01	 2.27917E+01	 2.27083E+01	 2.04346E+01	 1.90270E+01	 2.15549E+01	 2.17967E+01	 2.02500E+01	 1.90773E+01	 2.20948E+01	 2.31940E+01	 2.03984E+01	 2.01459E+01
 2.15246E+01	 1.98124E+01	 1.89782E+01	 2.12455E+01	 2.11801E+01	 2.17582E+01	 2.00665E+01	 2.25488E+01	 2.59009E+01	 2.21016E+01	 2.19682E+01	 2.18897E+01	 1.88124E+01	 2.26429E+01	 2.49832E+01	 2.23299E+01	 2.21933E+01	 2.32868E+01	 2.00000E+01	 2.28273E+01	 2.07831E+01	 2.01783E+01	 2.14601E+01	 1.92232E+01	 1.83634E+01	 2.15168E+01	 2.07500E+01	 2.30517E+01	 2.19065E+01	 2.19009E+01	 2.00000E+01	 2.26883E+01	 2.07931E+01	 2.15705E+01	 2.01366E+01	 2.15923E+01	 2.28423E+01	 2.58491E+01	 2.21466E+01	 2.25581E+01	 2.05848E+01	 1.97596E+01	 2.00966E+01	 2.14526E+01	 2.05923E+01	 2.17064E+01	 2.03498E+01	 2.10000E+01	 2.39227E+01	 2.08491E+01	 2.18049E+01	 2.36983E+01	 2.30699E+01	 2.18516E+01	 2.13580E+01	 2.24832E+01	 2.30000E+01	 2.28929E+01	 2.16933E+01	 2.00168E+01	 2.18866E+01
 2.39346E+01	 2.37967E+01	 2.12164E+01	 2.26116E+01	 2.18834E+01	 2.11248E+01	 2.27418E+01	 2.06098E+01	 1.90998E+01	 2.01964E+01	 2.02974E+01	 2.17196E+01	 2.06933E+01	 2.11876E+01	 2.48124E+01	 1.99165E+01	 2.10835E+01	 2.25923E+01	 2.12768E+01	 1.99034E+01	 2.07232E+01	 1.92500E+01	 1.95567E+01	 2.15567E+01	 2.20923E+01	 2.25705E+01	 2.36091E+01	 1.93330E+01	 2.37033E+01	 2.32033E+01	 2.03135E+01	 2.33641E+01	 2.36384E+01	 1.97101E+01	 2.13448E+01	 2.13466E+01	 2.16701E+01	 2.31765E+01	 2.20955E+01	 2.06652E+01	 2.02064E+01	 2.21030E+01	 2.00206E+01	 2.02457E+01	 2.28911E+01	 2.17334E+01	 2.33959E+01	 2.15799E+01	 2.07813E+01	 2.12382E+01	 2.04265E+01	 2.03573E+01	 2.08641E+01	 2.24333E+01	 2.15649E+01	 2.02866E+01	 2.16533E+01	 2.07500E+01	 2.44383E+01	 2.11397E+01	 2.08591E+01
 2.10474E+01	 1.99782E+01	 2.30624E+01	 2.13934E+01	 2.15474E+01	 2.07956E+01	 2.02206E+01	 2.21509E+01	 2.08444E+01	 2.11466E+01	 2.17500E+01	 2.31041E+01	 2.19533E+01	 2.27033E+01	 2.33124E+01	 2.19152E+01	 2.01697E+01	 2.15000E+01	 2.34483E+01	 2.40517E+01	 2.70232E+01	 2.46066E+01	 2.05717E+01	 2.13067E+01	 2.21509E+01	 2.19338E+01	 2.08017E+01	 2.12382E+01	 2.08734E+01	 2.10096E+01	 1.98784E+01	 2.55043E+01	 2.23534E+01	 2.24047E+01	 2.15581E+01	 2.05848E+01	 2.12582E+01	 2.04197E+01	 2.08862E+01	 2.13330E+01	 2.08448E+01	 2.05313E+01	 2.21865E+01	 2.86509E+01	 1.83666E+01	 2.07495E+01	 2.10662E+01	 2.09732E+01	 2.28816E+01	 2.13766E+01	 2.00773E+01	 2.10292E+01	 2.07917E+01	 2.25368E+01	 2.20325E+01	 2.13616E+01	 2.31765E+01	 2.22500E+01	 2.15232E+01	 2.09596E+01	 2.25494E+01
 2.31701E+01	 2.28235E+01	 2.15000E+01	 2.00206E+01	 2.15624E+01	 1.84009E+01	 2.29034E+01	 2.44152E+01	 2.58348E+01	 2.29047E+01	 2.23491E+01	 2.00581E+01	 2.15474E+01	 2.22974E+01	 2.21366E+01	 2.01429E+01	 2.05318E+01	 2.05000E+01	 2.14170E+01	 2.12543E+01	 2.18448E+01	 2.07825E+01	 2.01359E+01	 2.10082E+01	 2.39165E+01	 1.97164E+01	 2.10467E+01	 1.96964E+01	 2.55830E+01	 2.17974E+01	 2.18534E+01	 2.42500E+01	 2.15474E+01	 2.03273E+01	 1.89982E+01	 2.21359E+01	 2.24147E+01	 2.22886E+01	 2.04832E+01	 2.21727E+01	 2.25935E+01	 2.09782E+01	 2.41166E+01	 2.68534E+01	 2.03299E+01	 2.18598E+01	 2.12463E+01	 2.23766E+01	 2.15998E+01	 2.07917E+01	 2.03348E+01	 2.32899E+01	 2.34614E+01	 2.05667E+01	 2.17813E+01	 2.14333E+01	 2.00000E+01	 2.10830E+01	 2.35138E+01	 2.01665E+01	 2.14165E+01
 2.01933E+01	 2.31091E+01	 2.03798E+01	 1.94682E+01	 2.41434E+01	 2.29864E+01	 2.30138E+01	 2.12232E+01	 2.16933E+01	 2.42668E+01	 2.11334E+01	 2.16629E+01	 2.00000E+01	 2.18966E+01	 2.04496E+01	 1.94974E+01	 2.18235E+01	 2.17101E+01	 2.32101E+01	 2.11073E+01	 2.32146E+01	 2.07332E+01	 2.33348E+01	 1.98729E+01	 2.50331E+01	 1.97332E+01	 2.28235E+01	 2.07464E+01	 2.13972E+02	 5.10741E+01	 2.30000E+01	 2.05955E+01	 2.11397E+01	 1.98598E+01	 2.16565E+01	 2.23060E+01	 2.14664E+01	 2.19732E+01	 2.22182E+01	 2.23337E+01	 2.06148E+01	 2.14034E+01	 2.23809E+01	 1.98909E+01	 2.12500E+01	 2.02289E+01	 2.19371E+01	 2.36252E+01	 1.86459E+01	 1.98959E+01	 2.45735E+01	 2.53966E+01	 1.90923E+01	 2.08748E+01	 2.06341E+01	 2.12770E+01	 2.01887E+01	 2.12182E+01	 2.12175E+01	 2.06665E+01	 2.03816E+01
 2.12164E+01	 2.29328E+01	 2.25494E+01	 2.19165E+01	 2.29165E+01	 1.85132E+01	 2.06534E+01	 2.37101E+01	 2.35000E+01	 1.89451E+01	 2.14614E+01	 2.24614E+01	 2.30942E+01	 2.12500E+01	 2.05624E+01	 2.08641E+01	 1.91933E+01	 1.97974E+01	 2.10000E+01	 1.98017E+01	 2.10830E+01	 2.23566E+01	 2.40935E+01	 2.28984E+01	 2.11534E+01	 2.09512E+01	 2.10590E+01	 2.07083E+01	 2.25000E+01	 2.17831E+01	 2.08748E+01	 2.05396E+01	 2.04197E+01	 2.04058E+01	 1.97500E+01	 2.03616E+01	 2.08580E+01	 1.99957E+01	 2.03959E+01	 1.96534E+01	 2.08235E+01	 2.30000E+01	 2.00488E+01	 2.31066E+01	 2.42468E+01	 2.11534E+01	 2.12537E+01	 2.08634E+01	 1.98067E+01	 2.06765E+01	 2.36537E+01	 2.11765E+01	 2.12132E+01	 2.03199E+01	 2.10417E+01	 2.09732E+01	 2.30974E+01	 2.39301E+01	 2.14034E+01	 2.22500E+01	 2.10773E+01
 2.08094E+01	 2.25082E+01	 1.96141E+01	 1.91534E+01	 1.99782E+01	 2.15000E+01	 2.10617E+01	 1.97232E+01	 2.21933E+01	 2.30966E+01	 2.31366E+01	 2.13580E+01	 1.98516E+01	 1.90549E+01	 2.08566E+01	 1.97500E+01	 2.12813E+01	 1.99464E+01	 1.99583E+01	 1.98897E+01	 2.04265E+01	 2.10549E+01	 2.10799E+01	 2.11765E+01	 1.99782E+01	 1.82500E+01	 1.98060E+01	 1.84281E+01	 1.86951E+01	 1.96552E+01	 2.22500E+01	 2.28966E+01	 1.89832E+01	 2.01166E+01	 2.18748E+01	 2.19832E+01	 1.89080E+01	 1.98966E+01	 2.14832E+01	 1.92064E+01	 2.01191E+01	 2.18491E+01	 2.10043E+01	 2.18603E+01	 2.15474E+01	 2.10998E+01	 1.84832E+01	 2.21148E+01	 2.16016E+01	 2.06565E+01	 2.21016E+01	 1.99365E+01	 2.13149E+01	 2.16248E+01	 2.30082E+01	 2.08491E+01	 2.07448E+01	 2.09165E+01	 2.11429E+01	 1.99564E+01	 2.34564E+01
 2.18455E+01	 2.24764E+01	 2.24564E+01	 2.24464E+01	 2.30000E+01	 2.31248E+01	 2.25549E+01	 2.04533E+01	 2.00313E+01	 1.97988E+01	 2.16983E+01	 2.29034E+01	 2.12033E+01	 1.99464E+01	 2.10368E+01	 2.21459E+01	 2.24782E+01	 2.11216E+01	 2.44440E+01	 2.25905E+01	 2.10032E+01	 2.25168E+01	 2.10848E+01	 2.20699E+01	 1.98199E+01	 2.15467E+01	 1.89706E+01	 1.93308E+01	 1.95758E+01	 1.79318E+01	 1.85909E+01	 2.17668E+01	 2.31459E+01	 2.19601E+01	 2.01534E+01	 2.04614E+01	 2.05830E+01	 2.05630E+01	 2.10662E+01	 1.89832E+01	 2.01558E+01	 2.16665E+01	 2.23442E+01	 2.47500E+01	 2.20830E+01	 2.06030E+01	 1.99047E+01	 1.97956E+01	 2.09957E+01	 2.19782E+01	 2.12718E+01	 2.11577E+01	 2.01865E+01	 2.18162E+01	 2.23566E+01	 2.25735E+01	 2.02500E+01	 2.26765E+01	 2.03948E+01	 1.97764E+01	 1.96865E+01
 2.23124E+01	 1.88816E+01	 2.28199E+01	 2.26509E+01	 2.40923E+01	 2.07033E+01	 2.26983E+01	 2.20517E+01	 2.15955E+01	 2.17064E+01	 2.19464E+01	 2.06697E+01	 1.98199E+01	 2.15549E+01	 2.00456E+01	 2.17500E+01	 2.16933E+01	 2.10456E+01	 1.84982E+01	 1.95662E+01	 1.97083E+01	 2.18566E+01	 2.07500E+01	 2.13873E+01	 2.10474E+01	 2.09832E+01	 1.86876E+01	 1.97026E+01	 1.90991E+01	 1.75292E+01	 1.87268E+01	 2.04034E+01	 2.10206E+01	 2.05699E+01	 2.09383E+01	 2.07500E+01	 1.90474E+01	 2.11983E+01	 2.08498E+01	 1.90923E+01	 1.99882E+01	 2.14047E+01	 2.49185E+01	 2.32956E+01	 2.20000E+01	 2.16098E+01	 2.21161E+01	 2.02545E+01	 2.25594E+01	 2.26229E+01	 2.25631E+01	 2.24129E+01	 2.13897E+01	 2.00998E+01	 1.92500E+01	 2.00000E+01	 2.07500E+01	 2.20892E+01	 2.16434E+01	 2.12500E+01	 2.18423E+01
 2.22813E+01	 2.06116E+01	 2.15331E+01	 2.28081E+01	 2.19832E+01	 2.26665E+01	 6.44017E+02	 2.48281E+03	 2.02899E+01	 2.04964E+01	 2.13566E+01	 2.25948E+01	 1.96547E+01	 1.89963E+01	 2.01229E+01	 2.16665E+01	 2.14034E+01	 2.00268E+01	 1.87868E+01	 2.08934E+01	 2.04065E+01	 2.59583E+01	 2.16284E+01	 2.25000E+01	 1.98591E+01	 2.02956E+01	 1.95000E+01	 2.32268E+01	 1.89936E+01	 1.99742E+01	 2.07230E+01	 2.26302E+01	 1.86209E+01	 2.26547E+01	 2.02428E+01	 2.24964E+01	 2.15082E+01	 2.09034E+01	 1.98491E+01	 2.15517E+01	 2.06509E+01	 2.31652E+01	 2.55000E+01	 2.24165E+01	 2.17582E+01	 2.16298E+01	 2.15175E+01	 2.20923E+01	 2.37064E+01	 2.13348E+01	 2.04197E+01	 1.99664E+01	 2.07500E+01	 2.00567E+01	 2.06670E+01	 2.15000E+01	 2.35923E+01	 2.38335E+01	 2.19583E+01	 2.23691E+01	 2.33934E+01
 2.14764E+01	 2.40431E+01	 2.33966E+01	 2.17500E+01	 2.30175E+01	 2.28466E+01	 2.07182E+01	 2.31565E+01	 1.96583E+01	 2.22101E+01	 2.36103E+01	 2.35000E+01	 2.45082E+01	 2.09864E+01	 1.99682E+01	 2.02114E+01	 2.30268E+01	 2.26166E+01	 2.06727E+01	 2.29440E+01	 2.23603E+01	 2.05000E+01	 2.15399E+01	 2.15567E+01	 2.34569E+01	 2.08455E+01	 2.36091E+01	 1.86565E+01	 2.24451E+01	 2.19687E+01	 1.90848E+01	 2.35923E+01	 2.38017E+01	 2.19052E+01	 2.26434E+01	 2.48598E+01	 2.19047E+01	 2.10000E+01	 2.21765E+01	 2.46964E+01	 2.11134E+01	 2.00541E+01	 2.05966E+01	 2.25488E+01	 2.38833E+01	 1.98491E+01	 2.46366E+01	 2.19451E+01	 2.05948E+01	 2.40399E+01	 2.22500E+01	 2.23616E+01	 2.05168E+01	 1.97974E+01	 2.21397E+01	 2.21166E+01	 1.96066E+01	 2.17582E+01	 2.21422E+01	 2.22164E+01	 2.32457E+01
 2.49295E+01	 2.28162E+01	 2.33530E+01	 2.26223E+01	 2.46552E+01	 2.52026E+01	 2.20232E+01	 2.29957E+01	 2.35000E+01	 2.34564E+01	 2.33273E+01	 2.29526E+01	 2.38866E+01	 2.09963E+01	 2.15488E+01	 2.20549E+01	 2.24440E+01	 2.37182E+01	 1.92132E+01	 2.42026E+01	 1.96366E+01	 1.99564E+01	 2.37320E+01	 2.73199E+01	 1.84083E+01	 2.12282E+01	 2.32825E+01	 2.00773E+01	 2.02268E+01	 2.16964E+01	 2.27718E+01	 1.99077E+01	 1.97500E+01	 2.36091E+01	 2.22706E+01	 2.12282E+01	 2.16141E+01	 2.66366E+01	 2.06647E+01	 2.13909E+01	 2.25138E+01	 2.32825E+01	 2.26765E+01	 2.21161E+01	 2.17500E+01	 2.25803E+01	 2.44451E+01	 2.19034E+01	 2.12101E+01	 2.36016E+01	 2.21727E+01	 2.19065E+01	 2.34526E+01	 2.10948E+01	 2.06598E+01	 1.96397E+01	 2.02974E+01	 2.28081E+01	 2.60331E+01	 2.10052E+01	 2.00082E+01
 2.04371E+01	 2.28648E+01	 2.07132E+01	 2.47582E+01	 2.46565E+01	 2.18516E+01	 2.17545E+01	 2.09371E+01	 2.12988E+01	 2.24165E+01	 2.50417E+01	 2.15313E+01	 2.29165E+01	 2.13491E+01	 2.25474E+01	 2.00848E+01	 2.23067E+01	 2.10000E+01	 2.43566E+01	 1.95000E+01	 2.53491E+01	 2.22182E+01	 2.34065E+01	 2.02500E+01	 2.08060E+01	 2.17500E+01	 2.23748E+01	 2.23861E+01	 2.25699E+01	 2.13566E+01	 2.14152E+01	 2.20567E+01	 2.17033E+01	 2.28330E+01	 2.21334E+01	 2.22282E+01	 2.44058E+01	 2.38966E+01	 2.08929E+01	 2.48530E+01	 2.10000E+01	 2.37446E+01	 2.20000E+01	 2.25000E+01	 2.01073E+01	 2.54665E+01	 2.29165E+01	 2.28934E+01	 2.38929E+01	 2.22232E+01	 2.55848E+01	 2.13748E+01	 2.24165E+01	 2.26248E+01	 2.16509E+01	 2.17232E+01	 2.11066E+01	 2.30624E+01	 2.30624E+01	 1.97974E+01	 2.23934E+01
 2.28530E+01	 2.17899E+01	 1.92831E+01	 2.00699E+01	 2.20773E+01	 2.10699E+01	 2.23498E+01	 2.22282E+01	 2.22500E+01	 2.27026E+01	 2.44564E+01	 2.22296E+01	 2.36309E+01	 2.17101E+01	 2.18466E+01	 2.28491E+01	 2.09596E+01	 2.19301E+01	 2.20000E+01	 2.05549E+01	 2.39632E+01	 2.52500E+01	 2.38067E+01	 2.08330E+01	 2.30848E+01	 2.50043E+01	 2.24957E+01	 2.54632E+01	 2.23330E+01	 2.05138E+01	 2.40773E+01	 2.26865E+01	 2.02164E+01	 2.36665E+01	 2.03752E+01	 1.99376E+01	 2.20000E+01	 1.95630E+01	 2.20331E+01	 2.28049E+01	 2.01366E+01	 2.11552E+01	 2.52500E+01	 2.23598E+01	 1.76537E+01	 2.46016E+01	 1.99346E+01	 2.29365E+01	 2.04882E+01	 2.27463E+01	 2.04098E+01	 2.41502E+01	 2.23348E+01	 2.07706E+01	 2.11466E+01	 1.91422E+01	 2.34526E+01	 2.22146E+01	 1.86919E+01	 2.17500E+01	 2.17296E+01
 2.30517E+01	 1.99009E+01	 2.12967E+01	 2.29451E+01	 1.96565E+01	 1.90773E+01	 2.23124E+01	 2.30830E+01	 2.48130E+01	 2.10000E+01	 2.02500E+01	 2.04782E+01	 2.28541E+01	 2.17500E+01	 2.09197E+01	 2.12264E+01	 2.09614E+01	 1.97913E+01	 2.04728E+01	 1.99932E+01	 2.17182E+01	 2.09047E+01	 2.03330E+01	 2.11660E+01	 2.12457E+01	 2.15830E+01	 2.03330E+01	 1.85467E+01	 2.05848E+01	 1.84732E+01	 2.00000E+01	 2.25991E+01	 2.24596E+01	 2.09483E+01	 2.18766E+01	 2.31098E+01	 2.19147E+01	 1.95712E+01	 1.98748E+01	 2.22282E+01	 2.11384E+01	 2.25456E+01	 2.35456E+01	 2.13648E+01	 2.09433E+01	 1.91537E+01	 2.08909E+01	 2.24782E+01	 2.06765E+01	 2.25998E+01	 2.19664E+01	 2.07500E+01	 2.24440E+01	 2.13124E+01	 2.18448E+01	 2.27974E+01	 2.26509E+01	 2.19483E+01	 1.90567E+01	 2.53591E+01	 1.91509E+01
 1.91448E+01	 1.91191E+01	 2.13616E+01	 2.08117E+01	 2.08491E+01	 2.33591E+01	 2.17044E+01	 2.15000E+01	 2.36016E+01	 2.29533E+01	 2.19464E+01	 1.97182E+01	 2.09682E+01	 2.26846E+01	 2.18530E+01	 2.19433E+01	 2.13330E+01	 1.99963E+01	 2.14065E+01	 2.08491E+01	 2.12931E+01	 2.46397E+01	 2.38897E+01	 2.34265E+01	 2.26459E+01	 2.21041E+01	 2.09376E+01	 2.21134E+01	 2.20000E+01	 2.25699E+01	 2.15000E+01	 2.10705E+01	 2.28205E+01	 2.23959E+01	 2.18124E+01	 2.17132E+01	 2.05000E+01	 1.93966E+01	 1.90923E+01	 2.02282E+01	 1.90581E+01	 2.04732E+01	 2.24058E+01	 2.28049E+01	 2.10699E+01	 2.22500E+01	 2.18541E+01	 2.11298E+01	 2.10032E+01	 2.04197E+01	 2.20848E+01	 2.68049E+01	 2.24533E+01	 2.11166E+01	 2.04034E+01	 2.02282E+01	 2.05624E+01	 2.34065E+01	 1.93491E+01	 2.27083E+01	 2.47706E+01
 2.04197E+01	 2.06455E+01	 2.15000E+01	 2.49526E+01	 2.11509E+01	 2.13067E+01	 2.29483E+01	 2.12500E+01	 2.00549E+01	 1.96765E+01	 1.88530E+01	 1.97718E+01	 2.24376E+01	 2.43541E+01	 2.17974E+01	 2.16116E+01	 2.06466E+01	 2.05474E+01	 2.13873E+01	 2.01455E+01	 2.04583E+01	 1.91509E+01	 2.01459E+01	 2.30567E+01	 2.50268E+01	 2.17500E+01	 2.07956E+01	 2.14682E+01	 2.31041E+01	 2.12500E+01	 1.93117E+01	 1.93273E+01	 2.06765E+01	 2.38641E+01	 2.34301E+01	 2.31983E+01	 2.10206E+01	 2.40000E+01	 2.45991E+01	 2.13199E+01	 2.05773E+01	 2.17500E+01	 2.01066E+01	 2.18566E+01	 2.14058E+01	 2.17974E+01	 2.12182E+01	 2.32500E+01	 2.08541E+01	 1.90624E+01	 2.08661E+01	 2.06629E+01	 2.22500E+01	 1.96141E+01	 2.08330E+01	 2.33330E+01	 2.15000E+01	 2.15318E+01	 2.17083E+01	 2.06883E+01	 2.00467E+01
 2.37668E+01	 1.94034E+01	 2.05268E+01	 2.35043E+01	 2.23124E+01	 2.34820E+01	 2.12770E+01	 2.02974E+01	 2.27732E+01	 2.24065E+01	 1.99632E+01	 2.01765E+01	 2.23516E+01	 2.03081E+01	 2.03036E+01	 2.24034E+01	 2.24832E+01	 1.91846E+01	 2.05331E+01	 2.33566E+01	 2.25000E+01	 2.28534E+01	 2.16509E+01	 2.19433E+01	 2.08698E+01	 2.29963E+01	 2.20331E+01	 1.95581E+01	 2.23984E+01	 2.14526E+01	 2.11727E+01	 2.18666E+01	 1.99009E+01	 2.19376E+01	 2.11434E+01	 2.22899E+01	 2.10630E+01	 2.25581E+01	 2.31933E+01	 2.08859E+01	 1.97500E+01	 2.59265E+01	 2.23566E+01	 2.16459E+01	 2.34764E+01	 2.20000E+01	 2.22132E+01	 2.10096E+01	 2.64464E+01	 2.33348E+01	 1.98330E+01	 2.32414E+01	 2.19957E+01	 2.11366E+01	 2.08067E+01	 2.15318E+01	 2.21091E+01	 2.17500E+01	 2.23984E+01	 2.15837E+01	 2.19371E+01
 2.24918E+01	 2.03616E+01	 2.26466E+01	 1.97232E+01	 2.18393E+01	 2.53929E+01	 2.12009E+01	 2.34065E+01	 2.18453E+01	 2.06091E+01	 2.22500E+01	 2.14583E+01	 2.41484E+01	 2.01066E+01	 2.03516E+01	 2.42289E+01	 1.94882E+01	 2.48516E+01	 2.29165E+01	 2.58435E+01	 2.25848E+01	 2.35923E+01	 2.13423E+01	 2.05581E+01	 2.26141E+01	 2.22974E+01	 2.13498E+01	 2.04632E+01	 2.20045E+01	 2.24197E+01	 2.27500E+01	 2.17382E+01	 2.13691E+01	 2.83516E+01	 2.27182E+01	 2.13094E+01	 2.06865E+01	 2.00268E+01	 2.40467E+01	 2.15624E+01	 2.05270E+01	 2.27282E+01	 2.46434E+01	 2.25000E+01	 2.32132E+01	 1.87831E+01	 1.95923E+01	 2.46034E+01	 2.17500E+01	 2.07282E+01	 2.38199E+01	 2.01547E+01	 2.19708E+01	 2.41191E+01	 2.14732E+01	 2.13598E+01	 2.18516E+01	 2.30000E+01	 2.09782E+01	 2.21983E+01	 2.13966E+01
 2.52165E+01	 2.49091E+01	 2.24533E+01	 2.11697E+01	 2.31728E+01	 2.35206E+01	 2.21091E+01	 2.27332E+01	 2.11871E+01	 2.19197E+01	 2.21647E+01	 2.57706E+01	 2.37268E+01	 2.11534E+01	 2.45218E+01	 2.29601E+01	 2.09963E+01	 1.97564E+01	 2.37064E+01	 2.39147E+01	 2.19034E+01	 2.72083E+01	 2.18348E+01	 2.31291E+01	 2.55000E+01	 2.40624E+01	 2.26883E+01	 2.41134E+01	 2.56665E+01	 2.31509E+01	 2.31034E+01	 2.37500E+01	 2.20164E+01	 2.28199E+01	 2.15998E+01	 2.45000E+01	 2.42768E+01	 2.04732E+01	 2.23491E+01	 2.35000E+01	 2.38566E+01	 2.20000E+01	 2.08580E+01	 2.09564E+01	 2.03049E+01	 2.09583E+01	 2.31041E+01	 2.02463E+01	 2.20138E+01	 2.03966E+01	 1.92432E+01	 2.31697E+01	 2.20911E+01	 2.36865E+01	 2.21434E+01	 1.97706E+01	 2.08217E+01	 2.18591E+01	 2.20799E+01	 2.30567E+01	 9.72500E+01
 2.34564E+01	 2.22500E+01	 2.22718E+01	 2.23909E+01	 2.05697E+01	 2.30935E+01	 2.45032E+01	 2.66940E+01	 2.39034E+01	 2.51919E+01	 2.45842E+01	 2.31073E+01	 2.27500E+01	 2.25630E+01	 2.11983E+01	 2.04464E+01	 2.11591E+01	 2.02320E+01	 2.05456E+01	 2.07931E+01	 2.33916E+01	 2.25549E+01	 2.07967E+01	 2.13959E+01	 1.91205E+01	 2.13748E+01	 2.22332E+01	 2.28866E+01	 2.36397E+01	 2.26016E+01	 2.21565E+01	 1.99023E+01	 2.12706E+01	 2.13687E+01	 2.32798E+01	 2.16459E+01	 2.26876E+01	 2.33335E+01	 2.31066E+01	 2.02706E+01	 2.30474E+01	 2.22831E+01	 2.36116E+01	 2.25624E+01	 2.07132E+01	 1.94646E+01	 2.64464E+01	 2.45082E+01	 2.15399E+01	 1.98816E+01	 2.18124E+01	 2.25000E+01	 2.38598E+01	 2.28748E+01	 2.10000E+01	 2.39614E+01	 2.50699E+01	 2.18205E+01	 2.15662E+01	 2.29160E+01	 2.34601E+01
 2.20456E+01	 2.17825E+01	 2.41098E+01	 2.42033E+01	 2.45318E+01	 2.14383E+01	 2.09682E+01	 2.16041E+01	 2.41983E+01	 2.22500E+01	 2.26765E+01	 2.22500E+01	 2.28130E+01	 2.19265E+01	 2.30000E+01	 2.22500E+01	 2.37500E+01	 2.38435E+01	 2.13966E+01	 2.03580E+01	 2.36933E+01	 2.32114E+01	 2.10662E+01	 2.38124E+01	 2.12582E+01	 2.37831E+01	 2.31547E+01	 2.16166E+01	 2.38591E+01	 2.00998E+01	 2.29265E+01	 2.48448E+01	 2.29564E+01	 2.13666E+01	 2.59564E+01	 2.14632E+01	 2.30000E+01	 2.24009E+01	 2.46466E+01	 2.07596E+01	 2.11801E+01	 2.19832E+01	 2.34108E+01	 2.15923E+01	 2.12818E+01	 1.86728E+01	 1.99009E+01	 2.44034E+01	 2.77500E+01	 2.46116E+01	 2.43934E+01	 2.61116E+01	 2.21041E+01	 2.32500E+01	 2.30331E+01	 2.46876E+01	 2.06534E+01	 2.31459E+01	 2.30705E+01	 2.15064E+01	 2.51116E+01
 2.51509E+01	 1.95699E+01	 2.11066E+01	 2.03959E+01	 2.13273E+01	 2.05000E+01	 2.01409E+01	 2.27083E+01	 2.09197E+01	 2.23897E+01	 2.22831E+01	 2.29265E+01	 2.18124E+01	 2.03049E+01	 2.25549E+01	 2.07831E+01	 1.87545E+01	 2.20368E+01	 2.48897E+01	 2.38691E+01	 2.46996E+01	 2.15662E+01	 2.13199E+01	 1.90318E+01	 1.90567E+01	 2.19782E+01	 2.11828E+01	 2.21434E+01	 1.92500E+01	 2.10032E+01	 2.33530E+01	 2.06366E+01	 2.49832E+01	 2.21665E+01	 2.32414E+01	 2.50735E+01	 2.21141E+01	 2.09464E+01	 2.01697E+01	 2.28598E+01	 2.22500E+01	 2.03435E+01	 2.10624E+01	 2.21665E+01	 2.14789E+01	 2.06161E+01	 2.14346E+01	 2.41983E+01	 2.32500E+01	 2.25331E+01	 2.20331E+01	 2.16041E+01	 2.07463E+01	 2.30000E+01	 2.40948E+01	 2.21565E+01	 2.05000E+01	 2.45082E+01	 2.42083E+01	 2.35368E+01	 2.45935E+01
 2.02706E+01	 1.92500E+01	 1.73634E+01	 1.75835E+01	 2.05417E+01	 2.07500E+01	 1.98955E+01	 2.05923E+01	 2.31983E+01	 2.25368E+01	 2.13049E+01	 2.08516E+01	 2.19533E+01	 2.17083E+01	 2.30000E+01	 2.05474E+01	 2.28491E+01	 2.38491E+01	 2.18199E+01	 1.98866E+01	 1.92175E+01	 2.15082E+01	 2.24483E+01	 2.11459E+01	 1.91534E+01	 2.20474E+01	 2.00456E+01	 1.88423E+01	 1.99708E+01	 2.12464E+01	 2.11509E+01	 2.26134E+01	 2.14526E+01	 2.20474E+01	 2.34682E+01	 2.19982E+01	 2.24483E+01	 2.45991E+01	 2.20581E+01	 2.44451E+01	 2.33566E+01	 2.09764E+01	 2.19058E+01	 2.13303E+01	 2.27500E+01	 2.14564E+01	 2.09583E+01	 2.36509E+01	 2.39483E+01	 2.09732E+01	 2.14782E+01	 2.04957E+01	 2.30000E+01	 2.36041E+01	 2.20474E+01	 2.13466E+01	 2.36583E+01	 2.40268E+01	 2.24782E+01	 2.07457E+01	 2.25705E+01
 2.33966E+01	 1.66248E+01	 1.68667E+01	 1.84732E+01	 2.09464E+01	 2.14789E+01	 2.22706E+01	 2.35624E+01	 2.22083E+01	 2.06523E+01	 2.20331E+01	 2.20000E+01	 2.07967E+01	 1.99526E+01	 2.00168E+01	 1.91166E+01	 1.98541E+01	 2.20268E+01	 2.26041E+01	 2.18966E+01	 2.11765E+01	 2.27500E+01	 2.15000E+01	 1.88959E+01	 2.03573E+01	 2.06697E+01	 1.96996E+01	 2.14957E+01	 2.25000E+01	 2.03017E+01	 2.25848E+01	 2.33859E+01	 2.12282E+01	 2.25000E+01	 1.90991E+01	 2.00456E+01	 2.00032E+01	 2.11248E+01	 2.18748E+01	 1.99464E+01	 2.04963E+01	 1.94832E+01	 2.14009E+01	 1.93491E+01	 2.07500E+01	 2.00000E+01	 1.89957E+01	 2.41996E+01	 2.56996E+01	 2.10848E+01	 1.95717E+01	 1.84526E+01	 2.07564E+01	 2.52418E+01	 2.16066E+01	 2.33423E+01	 2.41795E+01	 2.21141E+01	 1.91187E+01	 1.86996E+01	 2.31765E+01
 2.23348E+01	 1.96765E+01	 2.00830E+01	 2.27164E+01	 2.35517E+01	 2.24483E+01	 2.06652E+01	 2.42500E+01	 2.31397E+01	 2.09764E+01	 2.33866E+01	 2.17332E+01	 2.08273E+01	 2.15000E+01	 1.89750E+01	 2.08984E+01	 2.22232E+01	 2.11397E+01	 2.20138E+01	 2.17182E+01	 2.09047E+01	 1.96565E+01	 2.08573E+01	 2.29440E+01	 2.34440E+01	 2.23766E+01	 2.21509E+01	 2.29732E+01	 2.09732E+01	 4.86359E+01	 6.04077E+01	 2.40773E+01	 2.19832E+01	 2.53466E+01	 2.25581E+01	 2.48049E+01	 2.26665E+01	 2.18423E+01	 2.04832E+01	 2.17500E+01	 2.17482E+01	 2.19464E+01	 2.15699E+01	 2.23199E+01	 2.51066E+01	 2.52831E+01	 2.32463E+01	 2.23591E+01	 2.09601E+01	 2.06141E+01	 2.18909E+01	 2.01359E+01	 2.06652E+01	 2.05166E+01	 2.50073E+01	 2.13235E+01	 2.12083E+01	 2.34464E+01	 2.14646E+01	 1.98423E+01	 2.05617E+01
 1.92320E+01	 2.02463E+01	 2.00456E+01	 2.35000E+01	 2.10830E+01	 2.27463E+01	 2.15699E+01	 2.03866E+01	 2.20488E+01	 2.36098E+01	 2.26665E+01	 1.97500E+01	 2.09533E+01	 2.34832E+01	 2.16983E+01	 1.99464E+01	 1.97500E+01	 2.08423E+01	 2.45624E+01	 2.58541E+01	 2.33545E+01	 2.19077E+01	 2.14346E+01	 2.02182E+01	 2.10467E+01	 2.18335E+01	 2.23335E+01	 2.22083E+01	 2.42917E+01	 1.95000E+01	 2.15000E+01	 2.29483E+01	 2.08516E+01	 2.16665E+01	 2.07500E+01	 2.15000E+01	 2.19165E+01	 2.42706E+01	 2.33049E+01	 2.26091E+01	 2.10368E+01	 2.02264E+01	 2.11665E+01	 2.11234E+01	 2.34433E+01	 2.40399E+01	 2.23866E+01	 2.38598E+01	 2.27500E+01	 1.88167E+01	 2.04768E+01	 2.01339E+01	 2.23752E+01	 2.28641E+01	 2.14632E+01	 2.35037E+01	 2.20662E+01	 2.40488E+01	 2.17282E+01	 2.03423E+01	 1.95000E+01
 2.40517E+01	 2.23616E+01	 2.34376E+01	 2.15000E+01	 2.17770E+01	 1.95830E+01	 2.42917E+01	 2.28833E+01	 2.10699E+01	 2.17500E+01	 2.29533E+01	 2.05000E+01	 2.20835E+01	 2.19533E+01	 2.42064E+01	 2.07332E+01	 2.13081E+01	 2.99732E+01	 2.35581E+01	 2.02164E+01	 2.07294E+01	 2.57169E+01	 2.43162E+01	 2.25000E+01	 2.33423E+01	 2.20799E+01	 2.15923E+01	 2.37500E+01	 2.10368E+01	 2.11041E+01	 2.55504E+01	 2.15699E+01	 2.14708E+01	 2.08616E+01	 2.20923E+01	 2.05830E+01	 2.07988E+01	 2.16141E+01	 2.38205E+01	 2.37500E+01	 2.02500E+01	 1.97332E+01	 2.22956E+01	 2.35000E+01	 2.42899E+01	 2.16665E+01	 2.10000E+01	 2.10000E+01	 2.20313E+01	 2.39583E+01	 2.22033E+01	 1.98340E+01	 2.31470E+01	 2.28435E+01	 1.73833E+01	 1.90991E+01	 2.10000E+01	 2.15662E+01	 2.09614E+01	 2.14789E+01	 2.31191E+01
 2.50368E+01	 2.22500E+01	 2.17282E+01	 1.93041E+01	 2.39968E+01	 2.23516E+01	 2.08330E+01	 2.29764E+01	 2.45830E+01	 2.41116E+01	 2.34957E+01	 2.19419E+01	 2.35000E+01	 2.44451E+01	 2.48934E+01	 2.41384E+01	 2.51765E+01	 2.30318E+01	 2.24564E+01	 2.13566E+01	 2.46552E+01	 2.25064E+01	 2.39129E+01	 2.42182E+01	 2.35456E+01	 2.03162E+01	 2.39333E+01	 2.17064E+01	 2.36547E+01	 1.87332E+01	 2.21034E+01	 2.44376E+01	 2.26697E+01	 2.08393E+01	 2.28948E+01	 2.27175E+01	 2.31697E+01	 2.28348E+01	 2.35935E+01	 2.16466E+01	 2.03149E+01	 1.88927E+01	 2.12432E+01	 2.22289E+01	 2.19376E+01	 2.34664E+01	 2.01459E+01	 2.16103E+01	 2.08530E+01	 2.16073E+01	 2.22500E+01	 2.16701E+01	 2.06583E+01	 2.22804E+01	 2.16409E+01	 2.30699E+01	 2.18873E+01	 2.23566E+01	 2.22332E+01	 2.15835E+01	 2.05624E+01
 2.30000E+01	 1.97500E+01	 2.28491E+01	 2.35773E+01	 2.13466E+01	 2.34197E+01	 2.19165E+01	 2.72500E+01	 2.20000E+01	 2.15331E+01	 2.27500E+01	 2.53959E+01	 2.32668E+01	 2.24832E+01	 2.33124E+01	 2.21565E+01	 2.23199E+01	 2.17064E+01	 2.46951E+01	 2.11448E+01	 2.41234E+01	 2.23909E+01	 2.68566E+01	 2.16166E+01	 2.13541E+01	 2.48748E+01	 2.33641E+01	 2.60635E+01	 2.42518E+01	 2.20892E+01	 1.99265E+01	 2.25966E+01	 2.37825E+01	 2.13491E+01	 2.38748E+01	 2.41034E+01	 2.36384E+01	 2.63273E+01	 2.27967E+01	 2.55250E+01	 2.56411E+01	 2.43897E+01	 2.08866E+01	 2.37083E+01	 2.10517E+01	 2.37282E+01	 2.42931E+01	 2.36865E+01	 2.04533E+01	 1.97132E+01	 2.18534E+01	 2.35654E+01	 1.85497E+01	 2.16983E+01	 2.19706E+01	 2.37972E+01	 2.05292E+01	 1.84964E+01	 2.74265E+01	 2.21833E+01	 2.59533E+01
 2.24601E+01	 2.16409E+01	 2.06141E+01	 2.10467E+01	 2.18934E+01	 2.15000E+01	 2.38516E+01	 2.06876E+01	 2.21652E+01	 2.29165E+01	 1.94047E+01	 2.08897E+01	 2.51652E+01	 2.22500E+01	 2.03616E+01	 2.39265E+01	 2.30313E+01	 2.23081E+01	 2.11141E+01	 2.22988E+01	 2.39065E+01	 2.30206E+01	 2.19077E+01	 2.07064E+01	 2.57064E+01	 2.65488E+01	 2.33229E+01	 1.97463E+01	 2.02354E+01	 2.25318E+01	 2.47096E+01	 2.28017E+01	 2.19152E+01	 1.99601E+01	 2.05000E+01	 2.67175E+01	 2.30549E+01	 2.60082E+01	 2.28448E+01	 2.28124E+01	 2.32083E+01	 2.11229E+01	 2.38348E+01	 2.22457E+01	 2.05923E+01	 2.23498E+01	 2.16983E+01	 1.99533E+01	 2.20325E+01	 2.35567E+01	 2.21333E+01	 2.16838E+01	 2.07132E+01	 2.13130E+01	 2.43959E+01	 2.00830E+01	 2.08929E+01	 2.29732E+01	 2.28273E+01	 2.26341E+01	 2.37543E+01
 2.27831E+01	 2.03046E+01	 2.17164E+01	 2.19583E+01	 2.22967E+01	 2.31459E+01	 2.25000E+01	 2.35549E+01	 2.18748E+01	 2.11116E+01	 2.19732E+01	 2.22500E+01	 2.02582E+01	 2.06205E+01	 2.12083E+01	 2.22500E+01	 2.08798E+01	 2.38598E+01	 2.25911E+01	 2.16205E+01	 2.34346E+01	 2.21712E+01	 2.29047E+01	 2.07582E+01	 2.07582E+01	 2.15000E+01	 2.15517E+01	 2.17500E+01	 2.14034E+01	 2.06266E+01	 2.28017E+01	 2.12282E+01	 2.47825E+01	 2.29583E+01	 2.34483E+01	 2.25991E+01	 1.96583E+01	 2.16502E+01	 2.44632E+01	 2.25456E+01	 2.01229E+01	 2.20773E+01	 2.27638E+01	 2.22638E+01	 2.51041E+01	 2.66434E+01	 2.32362E+01	 2.22711E+01	 2.08199E+01	 2.33909E+01	 2.06116E+01	 2.12680E+01	 2.16321E+01	 2.08453E+01	 2.03641E+01	 2.12003E+01	 2.07282E+01	 2.26166E+01	 2.35270E+01	 2.35331E+01	 2.40206E+01
 2.11141E+01	 2.03955E+01	 2.14165E+01	 2.21565E+01	 2.16466E+01	 2.12482E+01	 2.44533E+01	 2.37033E+01	 2.35935E+01	 2.16484E+01	 1.97706E+01	 2.17033E+01	 2.07182E+01	 2.10456E+01	 2.28273E+01	 2.29682E+01	 2.11547E+01	 1.99009E+01	 1.93124E+01	 2.05000E+01	 2.13866E+01	 2.12899E+01	 2.23049E+01	 2.29047E+01	 2.18591E+01	 2.14197E+01	 2.11996E+01	 2.25699E+01	 2.34789E+01	 2.20948E+01	 2.17988E+01	 2.31141E+01	 2.46034E+01	 2.10942E+01	 2.13117E+01	 2.10835E+01	 2.00953E+01	 2.29376E+01	 2.20000E+01	 2.08335E+01	 2.05000E+01	 1.97988E+01	 2.11091E+01	 1.97500E+01	 2.42500E+01	 2.16016E+01	 2.36016E+01	 2.04301E+01	 2.24301E+01	 2.11765E+01	 2.07114E+01	 2.31080E+01	 2.04009E+01	 2.04009E+01	 2.08435E+01	 2.10735E+01	 2.18959E+01	 2.06359E+01	 2.14533E+01	 2.19601E+01	 2.29732E+01
 2.31940E+01	 2.58616E+01	 2.06652E+01	 2.12537E+01	 2.13235E+01	 2.33984E+01	 2.25624E+01	 2.31066E+01	 2.26434E+01	 2.36801E+01	 2.33491E+01	 2.13205E+01	 1.89433E+01	 2.03634E+01	 2.09632E+01	 2.11598E+01	 2.02964E+01	 2.12868E+01	 2.10517E+01	 2.21016E+01	 2.10000E+01	 2.18491E+01	 2.02500E+01	 2.10000E+01	 2.13299E+01	 2.25399E+01	 2.23866E+01	 2.43348E+01	 2.29632E+01	 2.41983E+01	 2.29914E+01	 2.15138E+01	 2.28929E+01	 2.23723E+01	 2.29009E+01	 2.19596E+01	 2.20494E+01	 2.19212E+01	 2.12457E+01	 2.10581E+01	 2.06466E+01	 2.20000E+01	 2.09433E+01	 2.04614E+01	 2.21940E+01	 2.06665E+01	 2.11066E+01	 2.16983E+01	 2.23897E+01	 2.18566E+01	 2.18442E+01	 1.97208E+01	 1.99732E+01	 1.90000E+01	 2.08566E+01	 2.23017E+01	 2.08984E+01	 2.18423E+01	 2.17064E+01	 2.02500E+01	 2.17500E+01
 2.34632E+01	 2.46565E+01	 2.55000E+01	 2.28036E+01	 2.37083E+01	 2.18598E+01	 2.13330E+01	 2.41509E+01	 2.23067E+01	 2.16580E+01	 2.22582E+01	 2.19732E+01	 2.27545E+01	 2.08661E+01	 2.34091E+01	 2.00974E+01	 2.11705E+01	 2.28273E+01	 2.25313E+01	 2.50848E+01	 2.28641E+01	 2.28984E+01	 2.13966E+01	 2.19165E+01	 2.14782E+01	 1.89083E+01	 2.17500E+01	 2.23634E+01	 2.37175E+01	 2.23273E+01	 2.10991E+01	 2.16509E+01	 2.15773E+01	 2.01583E+01	 2.38902E+01	 2.41951E+01	 2.28199E+01	 2.03897E+01	 2.09346E+01	 2.10549E+01	 2.32132E+01	 2.02332E+01	 1.99376E+01	 2.26041E+01	 2.22332E+01	 2.22064E+01	 2.15923E+01	 2.02500E+01	 2.23017E+01	 2.25699E+01	 2.20549E+01	 2.14058E+01	 2.27500E+01	 2.32044E+01	 2.12468E+01	 2.12026E+01	 2.31983E+01	 2.23866E+01	 2.31041E+01	 2.19583E+01	 2.25567E+01
 2.06629E+01	 2.43666E+01	 2.35935E+01	 2.41509E+01	 2.56951E+01	 1.96951E+01	 2.28266E+01	 2.60581E+01	 2.56697E+01	 2.25848E+01	 2.41547E+01	 2.14528E+01	 2.43299E+01	 2.12500E+01	 2.12974E+01	 2.22282E+01	 2.41466E+01	 2.31833E+01	 2.44451E+01	 2.24669E+01	 2.06697E+01	 2.19564E+01	 2.46141E+01	 2.30331E+01	 2.07706E+01	 2.38491E+01	 2.27974E+01	 2.19483E+01	 2.31951E+01	 2.18777E+01	 2.29129E+01	 2.16846E+01	 2.06951E+01	 1.97182E+01	 2.26629E+01	 2.25699E+01	 2.03598E+01	 2.40630E+01	 2.57582E+01	 2.06291E+01	 2.20830E+01	 2.42289E+01	 2.26552E+01	 2.12500E+01	 2.10624E+01	 2.30331E+01	 2.40624E+01	 2.10998E+01	 2.30581E+01	 2.24632E+01	 2.19009E+01	 2.17033E+01	 2.12813E+01	 2.28616E+01	 2.25331E+01	 2.06846E+01	 2.28866E+01	 2.21933E+01	 2.24583E+01	 2.32083E+01	 2.19419E+01
 2.50206E+01	 2.22083E+01	 2.37706E+01	 2.44265E+01	 2.08303E+01	 2.34955E+01	 2.38934E+01	 2.29419E+01	 2.11466E+01	 2.40000E+01	 2.28466E+01	 5.64506E+01	 3.35398E+02	 2.06647E+01	 2.25000E+01	 2.09370E+01	 2.31663E+01	 1.97813E+01	 2.18205E+01	 2.01223E+01	 2.43666E+01	 2.41502E+01	 2.18566E+01	 2.05368E+01	 2.28929E+01	 2.37813E+01	 2.29957E+01	 2.10000E+01	 2.21502E+01	 2.26334E+01	 2.04065E+01	 2.18984E+01	 2.51652E+01	 2.28616E+01	 1.89496E+01	 2.05624E+01	 2.08830E+01	 2.35624E+01	 2.11298E+01	 2.37096E+01	 2.41846E+01	 2.40773E+01	 2.38909E+01	 2.30456E+01	 2.22668E+01	 2.69544E+01	 2.23516E+01	 2.42169E+01	 2.18584E+01	 2.15064E+01	 2.04346E+01	 1.97364E+01	 2.35206E+01	 2.21712E+01	 2.28598E+01	 2.60966E+01	 2.26429E+01	 2.11041E+01	 2.14832E+01	 1.99963E+01	 2.12500E+01
 2.02208E+01	 1.96291E+01	 2.39957E+01	 2.51041E+01	 2.18691E+01	 2.44265E+01	 2.13498E+01	 2.41041E+01	 2.44708E+01	 2.23149E+01	 2.26940E+01	 2.27967E+01	 2.02064E+01	 2.06851E+01	 2.17083E+01	 2.26534E+01	 2.48616E+01	 2.46765E+01	 2.16565E+01	 2.17132E+01	 2.28616E+01	 2.19782E+01	 2.36983E+01	 2.39957E+01	 2.27500E+01	 2.29451E+01	 2.02899E+01	 2.27500E+01	 2.23698E+01	 2.15735E+01	 2.31765E+01	 2.32332E+01	 2.48729E+01	 2.65206E+01	 2.77132E+01	 2.54483E+01	 2.16933E+01	 2.30517E+01	 2.40991E+01	 2.24496E+01	 2.57831E+01	 2.30331E+01	 2.02500E+01	 2.21466E+01	 2.37371E+01	 2.10911E+01	 2.32332E+01	 2.20417E+01	 2.36041E+01	 2.43474E+01	 2.36466E+01	 2.31964E+01	 2.06665E+01	 2.10624E+01	 2.31167E+01	 2.44732E+01	 2.47618E+01	 2.25848E+01	 2.05549E+01	 2.17813E+01	 2.20000E+01
